1  1  1  1  1  1  1  1  1  0.75  0.6856  0.044  0.10651  
0.149  0.651  0.732  0.8874  0.22  0.7352  0.6639  0.613  0.57  0.222  0.542  0.404  0.8092  0.767  0.334  0.843  0.516  0.819  0.67  0.83  0.1131  0.7208  0.247  0.765  0.64  0.1792  0.746  0.7346  0.688  0.6995  0.479  0.781  0.635  0.7225  0.714  0.7269  0.6802  0.466  0.8  
0.7535  0.461  0.3072  0.3584  0.86  0.297  0.772  0.053  0.671  0.328  0.627  0.62  0.853  0.699  0.9402  0.1131  0.6692  0.381  0.7  
0.625  0.6  0.611  0.1194  0.739  0.767  0.362  0.306  0.7624  0.66  0.5  0.663  0.256  0.51  0.324  0.73  0.099  0.698  0.471  0.369  0.704  0.498  0.724  0.6786  0.695  0.533  0.83  0.775  0.711  0.37  0.378  0.5211  0.714  0.1841  0.448  0.1146  0.7251  0.712  0.233  0.565  0.354  0.6455  0.6657  0.651  0.638  0.671  0.7337  0.803  0.743  0.2236  0.528  0.57  0.784  0.56  0.746  0.7163  0.608  0.621  0.369  
0.555  0.466  0.5857  0.717  0.7871  0.6057  0.643  0.333  0.7764  0.2011  0.4355  0.68  0.477  0.687  0.7884  0.2271  0.6015  0.74  0.0874  0.419  0.2447  0.6786  0.5021  0.4015  0.7315  0.6988  
0.14  0.56  0.755  0.4893  0.325  0.0841  0.79  0.04  0.7096  0.5471  0.665  0.59  0.66  0.6588  0.59  
0.3142  0.232  0.59  0.612  0.587  0.4  0.423  0.6928  0.275  0.62  0.52  0.65  0.2745  0.5628  0.64  0.4796  0.7039  0.674  0.594  0.604  0.74  0.329  0.2833  0.596  0.201  0.5444  0.2482  0.716  0.5956  0.5856  0.4744  0.6979  0.218  0.1012  0.631  0.44  0.7112  0.6487  0.203  0.906  0.741  0.5977  0.76354  
0.157  0.488  0.8192  0.574  0.6505  0.20959  0.283  0.195  0.544  0.712  0.5407  0.8754  0.30171  0.426698  0.8368  0.1873  0.1899  0.6835  0.7239  0.73  0.675  0.327  0.6641  0.601  0.837  0.655  0.0841  0.478  
0.168  0.54  0.581  0.355  0.752  0.782  0.6335  0.5162  0.7652  0.3143  0.8403  0.5364  0.314  0.6379  0.5601  0.443  0.61  0.81611  0.305  0.82179  0.572  0.7142  0.829  0.6584  0.6584  
0.16491  0.5341  0.516  0.75  0.6356  0.554  0.5152  0.76469  0.5723  0.554  0.18527  0.6177  0.88897  0.3383  0.699  0.725  0.639  0.51009  0.59119  0.7092  0.27  0.7355  0.7796  0.66322  0.63989  0.5413  
0.498  0.297  0.5  0.095  0.792  0.7371  0.206  0.125  0.4976  0.1812  0.2904  0.8181  0.509  0.8972  0.648  0.780467  0.1738  0.6284  0.80707  0.5824  0.383  0.3342  0.17641  0.5601  0.78171  0.8821  0.736302  0.3713  0.68211  
0.1447  0.099  0.3863  0.6255  0.579  0.752  0.689  0.5489  0.1628  0.6495  0.095  0.683  0.676  0.72781  0.652357  0.6264  0.72172  0.81643  0.52473  0.438  0.311863  0.8329  0.7724  0.77884  0.6074  0.66445  0.376505  0.67171  0.58132  0.44  0.63738  0.60773  0.63088  0.532899  0.66357  0.5559  0.9111  0.74732  0.21417  0.3106  0.216  
0.2135  0.629  0.769  0.73481  0.584  0.2322  0.1618  0.716  0.73732  0.786  0.5704  0.2315  0.6786  0.53579  0.36119  0.74745  0.5391  0.6918  0.257138  0.67971  0.667  0.32664  0.6493  0.652  0.7749  0.33  0.89888  0.7431  0.54426  0.809  0.819  0.9286  0.81969  0.7412  0.47569  0.22974  0.617  0.73569  0.518092  
0.092253  0.407  0.582  0.4895  0.7141  0.8213  0.7488  0.688  0.794  0.358  0.693  0.771  0.803  0.2743  0.6165  0.2979  0.7031  0.779  0.827  0.607  0.8965  0.2506  0.684  0.6815  0.719  0.4284  0.7196  0.3544  0.5923  0.6252  
0.714  0.5964  0.6516  0.48  0.6984  0.766  0.6485  0.0414  0.545  0.347  0.3095  0.746  0.768  0.723  0.795  0.351  0.612  0.719  0.546  0.358  0.1657  0.583  0.284  0.553  0.69  0.546  0.796  0.482  0.248  0.8166  0.118  0.5  0.709  0.861  0.2696  0.28  0.61  0.611  0.68  0.69  0.6731  0.613  0.386  0.46  0.614  0.196  0.503  0.289  0.446  0.423  0.704  0.252  0.683  
0.217  0.613  0.613  0.343  0.6861  0.72  0.506  0.905  0.694  0.581  0.58226  0.6357  0.483  0.279  0.814  0.736  0.8413  0.315  0.6018  0.686  0.546  0.7304  0.633  0.527  0.1842  0.611  0.405  0.443  0.621  0.132  0.6492  0.8897  0.583  0.774  0.932  0.396  0.8199  0.721  0.6947  0.56  0.3222  0.6302  0.453  0.84  
