28  28  31  22  21  28  
21  27  25  23  19  20  27  35  22  22  28  19  36  29  30  29  26  
19  17  19  22  24  28  24  30  31  
27  29  24  25  28  21  21  21  21  22  21  17  28  29  28  28  30  23  17  21  24  28  17  28  28  27  24  28  30  25  28  28  
28  20  19  22  19  27  22  19  24  20  24  26  
32  29  21  20  20  20  31  
29  25  28  23  21  20  28  29  24  23  19  19  21  23  21  20  24  19  16  27  28  36  
24  28  21  20  28  27  22  28  26  20  28  
25  24  29  28  25  22  24  26  20  23  20  
29  24  24  29  19  20  35  31  29  18  19  21  21  19  18  
30  21  24  24  22  24  20  21  27  23  18  25  27  29  27  29  
24  22  21  20  32  31  32  18  22  24  29  20  17  24  20  21  28  24  28  28  28  27  27  
23  27  23  20  20  19  19  26  31  26  19  24  19  28  38  28  21  26  19  
31  27  24  29  30  30  28  25  21  28  25  31  29  27  30  18  21  24  29  30  29  
24  24  25  20  21  18  24  20  20  22  23  28  32  27  26  28  33  28  26  36  24  23  21  24  19  
27  23  28  26  29  27  22  28  23  27  20  28  27  21  20  18  24  35  21  22  18  28  
