30269  73269  102269  149269  176269  206269  
63478  144478  171478  195478  237478  266478  324478  359478  409478  485478  590478  623478  674478  706478  741478  760478  798478  
37863  74863  110863  133863  162863  199863  220863  271863  294863  
46791  88791  125791  210791  252791  330791  406791  437791  460791  477791  508791  554791  629791  640791  701791  751791  803791  878791  913791  1017791  1059791  1111791  1161791  1243791  1279791  1301791  1354791  1384791  1406791  1459791  1489791  1498791  
9386  58386  94386  149386  174386  210386  287386  353386  409386  438386  502386  563386  
35863  69863  120863  135863  168863  197863  256863  
25647  63647  113647  162647  202647  286647  350647  362647  391647  416647  484647  508647  570647  660647  716647  775647  816647  833647  890647  979647  1001647  1036647  
62835  86835  115835  134835  167835  245835  299835  366835  384835  448835  508835  
77091  103091  138091  183091  205091  220091  249091  319091  343091  358091  411091  
47933  68933  100933  170933  206933  225933  266933  304933  335933  373933  416933  439933  536933  612933  682933  
13002  59002  102002  152002  212002  258002  302002  330002  390002  417002  449002  516002  530002  583002  614002  643002  
89804  138804  155804  232804  281804  293804  303804  373804  411804  447804  478804  511804  597804  619804  656804  740804  772804  793804  820804  888804  933804  1006804  1019804  
34074  94074  138074  182074  265074  285074  371074  433074  470074  503074  533074  613074  646074  689074  727074  762074  818074  836074  897074  
25469  60469  90469  123469  167469  198469  249469  282469  322469  351469  412469  434469  451469  497469  516469  561469  611469  634469  691469  740469  773469  
38721  85721  111721  168721  225721  278721  308721  336721  434721  466721  491721  569721  588721  604721  654721  680721  736721  762721  785721  804721  851721  873721  911721  980721  1052721  
43633  72633  118633  158633  206633  259633  287633  315633  381633  394633  419633  439633  455633  512633  561633  633633  690633  736633  777633  820633  847633  882633  
