6.54
9.86
10.68
11.22
11.63
11.9
13.26
13.26
13.26
13.26
13.26
13.3
13.37
13.37
13.37
13.47
13.94
13.98
13.98
14.01
14.27
14.62
14.62
14.62
14.66
15.21
15.3
15.3
15.3
15.33
15.39
15.48
15.98
15.98
16.01
16.01
16.01
16.01
16.16
16.66
16.66
16.69
16.69
16.75
16.75
16.75
16.94
17.07
17.34
17.37
17.42
18.02
18.02
18.02
18.02
18.02
18.02
18.05
18.1
18.37
18.7
18.7
18.73
18.78
18.78
18.85
19.15
19.38
19.38
19.41
19.41
19.41
19.62
20.06
20.06
20.06
20.06
20.06
20.06
20.13
20.41
20.54
20.74
20.74
20.77
20.77
20.81
20.88
21.12
21.12
21.42
21.42
21.42
21.42
21.42
21.44
21.55
21.55
22.1
22.1
22.12
22.12
22.12
22.12
22.12
22.12
22.17
22.23
22.78
22.78
22.78
22.8
22.8
22.8
22.8
22.8
22.84
22.84
22.9
22.9
23.08
23.08
23.46
23.46
23.48
23.48
23.48
23.48
23.48
23.52
23.58
24.01
24.01
24.16
24.16
24.16
24.16
24.2
24.2
24.26
24.43
24.6
24.82
24.82
24.82
24.82
24.82
24.84
24.84
24.84
24.84
24.9
25.27
25.5
25.5
25.5
25.52
25.52
25.56
25.56
25.56
26.18
26.2
26.2
26.2
26.2
26.29
26.55
26.86
26.88
26.88
26.91
26.97
27.22
27.25
27.54
27.54
27.54
27.54
27.54
27.56
27.59
27.59
27.64
27.79
28.22
28.22
28.22
28.22
28.23
28.24
28.27
28.47
28.47
28.9
28.9
28.9
28.9
28.9
28.92
28.92
29
29.06
29.25
29.26
29.58
29.58
29.6
29.6
29.63
29.63
29.91
29.91
29.92
30.26
30.26
30.26
30.35
30.35
30.96
30.96
30.96
30.96
30.96
30.99
30.99
31.03
31.03
31.03
31.25
31.62
31.64
31.71
31.77
32.3
32.3
32.32
32.32
32.34
32.81
32.98
32.98
32.98
32.98
32.98
33.01
33.07
33.12
33.66
33.68
33.87
33.87
34.15
34.34
34.34
34.34
34.36
34.4
34.54
34.71
35.03
35.03
35.05
35.1
35.1
35.22
35.7
35.71
35.71
36.38
36.39
36.39
36.42
36.42
36.42
36.46
36.57
37.06
37.07
37.07
37.74
37.75
37.75
38.46
38.46
38.46
38.49
38.54
38.88
39.14
39.14
39.28
39.49
39.78
39.78
39.79
39.79
39.79
39.82
40.17
40.47
40.47
40.47
40.53
40.58
41.15
41.21
41.82
41.82
41.82
41.82
41.83
41.83
41.85
42.51
42.51
42.53
43.19
43.48
43.89
43.92
44.33
44.54
44.54
44.55
44.6
44.6
45.22
45.22
45.23
45.61
45.91
45.96
46.26
46.59
46.61
46.61
46.68
47.26
47.95
48.06
48.63
48.65
48.65
48.68
48.72
50.01
50.4
50.67
50.69
51.01
51.77
52.02
52.03
52.11
53.38
53.41
53.56
54.06
54.09
54.75
54.92
55.11
56.13
56.78
56.79
56.79
56.83
57.54
57.9
58.36
58.84
59.52
61.55
62.9
63.6
64.26
64.34
65.62
65.64
66.98
67.05
67.68
71.06
71.88
75.16
76.5
77.19
84.01
85.09
87.57
95.59
98.27
102.34
117.31
